,date,open,close,high,low,volume,code
0,2017-11-20 14:55,4.63,4.65,4.67,4.63,823.0,002593
1,2017-11-20 15:00,4.65,4.65,4.66,4.65,246.0,002593
2,2017-11-21 09:35,4.62,4.61,4.62,4.59,660.0,002593
3,2017-11-21 09:40,4.61,4.64,4.64,4.61,227.0,002593
4,2017-11-21 09:45,4.64,4.64,4.66,4.64,590.0,002593
5,2017-11-21 09:50,4.64,4.65,4.65,4.63,369.0,002593
6,2017-11-21 09:55,4.65,4.66,4.66,4.64,626.0,002593
7,2017-11-21 10:00,4.66,4.68,4.68,4.65,607.0,002593
8,2017-11-21 10:05,4.68,4.67,4.68,4.67,267.0,002593
9,2017-11-21 10:10,4.67,4.66,4.68,4.65,778.0,002593
10,2017-11-21 10:15,4.66,4.65,4.66,4.65,112.0,002593
11,2017-11-21 10:20,4.65,4.66,4.66,4.65,105.0,002593
12,2017-11-21 10:25,4.66,4.64,4.66,4.64,951.0,002593
13,2017-11-21 10:30,4.64,4.64,4.64,4.61,966.0,002593
14,2017-11-21 10:35,4.64,4.63,4.64,4.62,602.0,002593
15,2017-11-21 10:40,4.63,4.63,4.64,4.62,181.0,002593
16,2017-11-21 10:45,4.63,4.64,4.64,4.62,247.0,002593
17,2017-11-21 10:50,4.64,4.64,4.64,4.62,55.0,002593
18,2017-11-21 10:55,4.64,4.62,4.64,4.62,129.0,002593
19,2017-11-21 11:00,4.62,4.64,4.64,4.62,201.0,002593
20,2017-11-21 11:05,4.64,4.63,4.64,4.63,26.0,002593
21,2017-11-21 11:10,4.63,4.62,4.64,4.62,456.0,002593
22,2017-11-21 11:15,4.62,4.56,4.62,4.55,3019.0,002593
23,2017-11-21 11:20,4.56,4.59,4.59,4.56,352.0,002593
24,2017-11-21 11:25,4.59,4.6,4.6,4.59,249.0,002593
25,2017-11-21 11:30,4.6,4.59,4.6,4.59,72.0,002593
26,2017-11-21 13:05,4.59,4.6,4.61,4.59,173.0,002593
27,2017-11-21 13:10,4.6,4.59,4.6,4.59,380.0,002593
28,2017-11-21 13:15,4.59,4.58,4.59,4.57,571.0,002593
29,2017-11-21 13:20,4.58,4.56,4.58,4.56,1066.0,002593
30,2017-11-21 13:25,4.56,4.55,4.56,4.55,566.0,002593
31,2017-11-21 13:30,4.55,4.56,4.56,4.55,769.0,002593
32,2017-11-21 13:35,4.56,4.58,4.58,4.56,236.0,002593
33,2017-11-21 13:40,4.58,4.56,4.58,4.56,1193.0,002593
34,2017-11-21 13:45,4.56,4.55,4.56,4.55,869.0,002593
35,2017-11-21 13:50,4.55,4.57,4.57,4.55,167.0,002593
36,2017-11-21 13:55,4.57,4.59,4.6,4.57,366.0,002593
37,2017-11-21 14:00,4.59,4.58,4.59,4.57,123.0,002593
38,2017-11-21 14:05,4.58,4.59,4.59,4.58,498.0,002593
39,2017-11-21 14:10,4.59,4.6,4.6,4.59,684.0,002593
40,2017-11-21 14:15,4.6,4.59,4.61,4.59,316.0,002593
41,2017-11-21 14:20,4.59,4.59,4.59,4.58,51.0,002593
42,2017-11-21 14:25,4.59,4.55,4.59,4.55,1025.0,002593
43,2017-11-21 14:30,4.55,4.57,4.58,4.54,1070.0,002593
44,2017-11-21 14:35,4.57,4.56,4.57,4.55,1489.0,002593
45,2017-11-21 14:40,4.56,4.55,4.57,4.54,1175.0,002593
46,2017-11-21 14:45,4.55,4.57,4.57,4.55,860.0,002593
47,2017-11-21 14:50,4.57,4.58,4.6,4.57,1265.0,002593
48,2017-11-21 14:55,4.58,4.59,4.6,4.58,975.0,002593
49,2017-11-21 15:00,4.59,4.59,4.6,4.59,326.0,002593
50,2017-11-22 09:35,4.6,4.58,4.61,4.58,887.0,002593
51,2017-11-22 09:40,4.58,4.58,4.59,4.57,367.0,002593
52,2017-11-22 09:45,4.58,4.58,4.59,4.57,668.0,002593
53,2017-11-22 09:50,4.58,4.57,4.58,4.57,402.0,002593
54,2017-11-22 09:55,4.57,4.57,4.58,4.57,176.0,002593
55,2017-11-22 10:00,4.57,4.57,4.58,4.57,229.0,002593
56,2017-11-22 10:05,4.57,4.59,4.59,4.57,320.0,002593
57,2017-11-22 10:10,4.59,4.59,4.59,4.57,418.0,002593
58,2017-11-22 10:15,4.59,4.61,4.61,4.59,1331.0,002593
59,2017-11-22 10:20,4.61,4.62,4.62,4.6,530.0,002593
60,2017-11-22 10:25,4.62,4.61,4.62,4.61,248.0,002593
61,2017-11-22 10:30,4.61,4.61,4.61,4.6,465.0,002593
62,2017-11-22 10:35,4.61,4.63,4.63,4.61,544.0,002593
63,2017-11-22 10:40,4.63,4.62,4.63,4.61,359.0,002593
64,2017-11-22 10:45,4.62,4.62,4.63,4.61,215.0,002593
65,2017-11-22 10:50,4.62,4.61,4.62,4.61,357.0,002593
66,2017-11-22 10:55,4.61,4.61,4.62,4.61,105.0,002593
67,2017-11-22 11:00,4.61,4.6,4.61,4.6,501.0,002593
68,2017-11-22 11:05,4.6,4.61,4.61,4.6,156.0,002593
69,2017-11-22 11:10,4.61,4.59,4.61,4.59,1191.0,002593
70,2017-11-22 11:15,4.59,4.59,4.6,4.59,140.0,002593
71,2017-11-22 11:20,4.59,4.58,4.59,4.57,1052.0,002593
72,2017-11-22 11:25,4.58,4.58,4.58,4.57,72.0,002593
73,2017-11-22 11:30,4.58,4.58,4.58,4.58,3.0,002593
74,2017-11-22 13:05,4.58,4.58,4.59,4.58,96.0,002593
75,2017-11-22 13:10,4.58,4.59,4.59,4.58,33.0,002593
76,2017-11-22 13:15,4.59,4.58,4.6,4.58,159.0,002593
77,2017-11-22 13:20,4.58,4.59,4.59,4.58,93.0,002593
78,2017-11-22 13:25,4.59,4.6,4.6,4.58,524.0,002593
79,2017-11-22 13:30,4.6,4.6,4.6,4.59,32.0,002593
80,2017-11-22 13:35,4.6,4.6,4.6,4.59,23.0,002593
81,2017-11-22 13:40,4.6,4.59,4.6,4.59,564.0,002593
82,2017-11-22 13:45,4.59,4.59,4.6,4.58,330.0,002593
83,2017-11-22 13:50,4.59,4.58,4.59,4.58,76.0,002593
84,2017-11-22 13:55,4.58,4.58,4.59,4.58,107.0,002593
85,2017-11-22 14:00,4.58,4.57,4.58,4.57,1328.0,002593
86,2017-11-22 14:05,4.57,4.58,4.58,4.57,508.0,002593
87,2017-11-22 14:10,4.58,4.58,4.58,4.58,23.0,002593
88,2017-11-22 14:15,4.58,4.56,4.58,4.56,1160.0,002593
89,2017-11-22 14:20,4.56,4.57,4.58,4.56,150.0,002593
90,2017-11-22 14:25,4.57,4.58,4.58,4.57,505.0,002593
91,2017-11-22 14:30,4.58,4.58,4.58,4.58,199.0,002593
92,2017-11-22 14:35,4.58,4.58,4.59,4.57,309.0,002593
93,2017-11-22 14:40,4.58,4.58,4.59,4.58,101.0,002593
94,2017-11-22 14:45,4.58,4.58,4.59,4.58,188.0,002593
95,2017-11-22 14:50,4.58,4.58,4.58,4.57,629.0,002593
96,2017-11-22 14:55,4.58,4.56,4.59,4.56,647.0,002593
97,2017-11-22 15:00,4.56,4.59,4.59,4.56,105.0,002593
98,2017-11-23 09:35,4.55,4.58,4.58,4.55,142.0,002593
99,2017-11-23 09:40,4.58,4.57,4.58,4.57,403.0,002593
100,2017-11-23 09:45,4.57,4.58,4.58,4.57,204.0,002593
101,2017-11-23 09:50,4.58,4.57,4.58,4.57,319.0,002593
102,2017-11-23 09:55,4.57,4.57,4.58,4.57,362.0,002593
103,2017-11-23 10:00,4.57,4.58,4.58,4.57,325.0,002593
104,2017-11-23 10:05,4.58,4.56,4.58,4.56,335.0,002593
105,2017-11-23 10:10,4.56,4.56,4.57,4.56,149.0,002593
106,2017-11-23 10:15,4.56,4.58,4.58,4.56,60.0,002593
107,2017-11-23 10:20,4.58,4.58,4.58,4.57,157.0,002593
108,2017-11-23 10:25,4.58,4.58,4.59,4.57,107.0,002593
109,2017-11-23 10:30,4.58,4.6,4.6,4.58,574.0,002593
110,2017-11-23 10:35,4.6,4.62,4.62,4.6,380.0,002593
111,2017-11-23 10:40,4.62,4.6,4.62,4.6,499.0,002593
112,2017-11-23 10:45,4.6,4.59,4.6,4.59,24.0,002593
113,2017-11-23 10:50,4.59,4.6,4.6,4.59,78.0,002593
114,2017-11-23 10:55,4.6,4.59,4.6,4.59,274.0,002593
115,2017-11-23 11:00,4.59,4.6,4.6,4.59,165.0,002593
116,2017-11-23 11:05,4.6,4.59,4.6,4.59,328.0,002593
117,2017-11-23 11:10,4.59,4.58,4.59,4.58,42.0,002593
118,2017-11-23 11:15,4.58,4.57,4.59,4.56,789.0,002593
119,2017-11-23 11:20,4.57,4.56,4.57,4.56,787.0,002593
120,2017-11-23 11:25,4.56,4.56,4.56,4.55,829.0,002593
121,2017-11-23 11:30,4.56,4.55,4.56,4.54,422.0,002593
122,2017-11-23 13:05,4.55,4.53,4.56,4.53,1089.0,002593
123,2017-11-23 13:10,4.53,4.54,4.54,4.53,72.0,002593
124,2017-11-23 13:15,4.54,4.55,4.55,4.53,509.0,002593
125,2017-11-23 13:20,4.55,4.55,4.55,4.54,736.0,002593
126,2017-11-23 13:25,4.55,4.55,4.56,4.55,101.0,002593
127,2017-11-23 13:30,4.55,4.55,4.55,4.55,896.0,002593
128,2017-11-23 13:35,4.55,4.54,4.56,4.54,37.0,002593
129,2017-11-23 13:40,4.54,4.53,4.55,4.53,1069.0,002593
130,2017-11-23 13:45,4.53,4.54,4.55,4.52,574.0,002593
131,2017-11-23 13:50,4.54,4.54,4.56,4.54,146.0,002593
132,2017-11-23 13:55,4.54,4.55,4.55,4.54,245.0,002593
133,2017-11-23 14:00,4.55,4.55,4.55,4.54,645.0,002593
134,2017-11-23 14:05,4.55,4.55,4.56,4.55,141.0,002593
135,2017-11-23 14:10,4.55,4.55,4.55,4.54,98.0,002593
136,2017-11-23 14:15,4.55,4.55,4.55,4.54,258.0,002593
137,2017-11-23 14:20,4.55,4.54,4.55,4.54,351.0,002593
138,2017-11-23 14:25,4.54,4.54,4.54,4.54,96.0,002593
139,2017-11-23 14:30,4.54,4.54,4.55,4.52,675.0,002593
140,2017-11-23 14:35,4.54,4.53,4.54,4.53,175.0,002593
141,2017-11-23 14:40,4.53,4.51,4.53,4.5,1492.0,002593
142,2017-11-23 14:45,4.51,4.53,4.53,4.51,686.0,002593
143,2017-11-23 14:50,4.53,4.5,4.53,4.5,1464.0,002593
144,2017-11-23 14:55,4.5,4.52,4.52,4.5,1364.0,002593
145,2017-11-23 15:00,4.52,4.51,4.52,4.51,535.0,002593
146,2017-11-24 09:35,4.49,4.49,4.51,4.48,598.0,002593
147,2017-11-24 09:40,4.49,4.49,4.49,4.48,842.0,002593
148,2017-11-24 09:45,4.49,4.52,4.53,4.49,1234.0,002593
149,2017-11-24 09:50,4.52,4.5,4.53,4.49,510.0,002593
150,2017-11-24 09:55,4.5,4.48,4.5,4.48,1758.0,002593
151,2017-11-24 10:00,4.48,4.49,4.49,4.48,396.0,002593
152,2017-11-24 10:05,4.49,4.48,4.49,4.48,225.0,002593
153,2017-11-24 10:10,4.48,4.48,4.49,4.47,461.0,002593
154,2017-11-24 10:15,4.48,4.48,4.49,4.47,1195.0,002593
155,2017-11-24 10:20,4.48,4.48,4.49,4.47,772.0,002593
156,2017-11-24 10:25,4.48,4.46,4.48,4.46,1123.0,002593
157,2017-11-24 10:30,4.46,4.47,4.48,4.46,527.0,002593
158,2017-11-24 10:35,4.47,4.47,4.48,4.47,139.0,002593
159,2017-11-24 10:40,4.47,4.46,4.48,4.46,1570.0,002593
160,2017-11-24 10:45,4.46,4.44,4.47,4.42,1400.0,002593
161,2017-11-24 10:50,4.44,4.46,4.47,4.43,515.0,002593
162,2017-11-24 10:55,4.46,4.46,4.47,4.46,20.0,002593
163,2017-11-24 11:00,4.46,4.46,4.49,4.46,595.0,002593
164,2017-11-24 11:05,4.46,4.48,4.5,4.46,666.0,002593
165,2017-11-24 11:10,4.48,4.47,4.48,4.47,225.0,002593
166,2017-11-24 11:15,4.48,4.48,4.48,4.47,952.0,002593
167,2017-11-24 11:20,4.48,4.46,4.48,4.46,146.0,002593
168,2017-11-24 11:25,4.46,4.45,4.46,4.44,722.0,002593
169,2017-11-24 11:30,4.45,4.45,4.45,4.44,406.0,002593
170,2017-11-24 13:05,4.45,4.46,4.46,4.45,228.0,002593
171,2017-11-24 13:10,4.46,4.47,4.48,4.46,37.0,002593
172,2017-11-24 13:15,4.47,4.45,4.47,4.45,352.0,002593
173,2017-11-24 13:20,4.45,4.45,4.46,4.45,306.0,002593
174,2017-11-24 13:25,4.45,4.46,4.46,4.45,186.0,002593
175,2017-11-24 13:30,4.46,4.46,4.47,4.46,99.0,002593
176,2017-11-24 13:35,4.46,4.46,4.47,4.46,47.0,002593
177,2017-11-24 13:40,4.46,4.46,4.48,4.46,418.0,002593
178,2017-11-24 13:45,4.46,4.48,4.48,4.46,100.0,002593
179,2017-11-24 13:50,4.48,4.47,4.48,4.47,258.0,002593
180,2017-11-24 13:55,4.47,4.47,4.49,4.47,684.0,002593
181,2017-11-24 14:00,4.47,4.48,4.5,4.47,351.0,002593
182,2017-11-24 14:05,4.48,4.48,4.49,4.47,656.0,002593
183,2017-11-24 14:10,4.48,4.47,4.49,4.47,581.0,002593
184,2017-11-24 14:15,4.47,4.47,4.48,4.47,46.0,002593
185,2017-11-24 14:20,4.47,4.47,4.48,4.47,748.0,002593
186,2017-11-24 14:25,4.47,4.46,4.47,4.46,397.0,002593
187,2017-11-24 14:30,4.46,4.47,4.48,4.46,394.0,002593
188,2017-11-24 14:35,4.47,4.47,4.48,4.47,507.0,002593
189,2017-11-24 14:40,4.47,4.47,4.47,4.45,781.0,002593
190,2017-11-24 14:45,4.47,4.45,4.47,4.44,1096.0,002593
191,2017-11-24 14:50,4.45,4.45,4.45,4.43,1126.0,002593
192,2017-11-24 14:55,4.45,4.45,4.45,4.43,1472.0,002593
193,2017-11-24 15:00,4.45,4.45,4.45,4.45,611.0,002593
194,2017-11-27 09:35,4.45,4.4,4.45,4.4,1155.0,002593
195,2017-11-27 09:40,4.41,4.43,4.43,4.39,851.0,002593
196,2017-11-27 09:45,4.43,4.4,4.44,4.4,908.0,002593
197,2017-11-27 09:50,4.4,4.41,4.42,4.4,517.0,002593
198,2017-11-27 09:55,4.41,4.42,4.43,4.41,889.0,002593
199,2017-11-27 10:00,4.42,4.42,4.43,4.42,393.0,002593
200,2017-11-27 10:05,4.42,4.42,4.43,4.41,207.0,002593
201,2017-11-27 10:10,4.42,4.42,4.43,4.42,185.0,002593
202,2017-11-27 10:15,4.42,4.42,4.43,4.42,87.0,002593
203,2017-11-27 10:20,4.42,4.44,4.44,4.42,302.0,002593
204,2017-11-27 10:25,4.44,4.45,4.46,4.43,639.0,002593
205,2017-11-27 10:30,4.45,4.46,4.47,4.45,453.0,002593
206,2017-11-27 10:35,4.46,4.46,4.47,4.46,461.0,002593
207,2017-11-27 10:40,4.46,4.45,4.46,4.45,401.0,002593
208,2017-11-27 10:45,4.45,4.45,4.46,4.45,72.0,002593
209,2017-11-27 10:50,4.45,4.45,4.46,4.45,314.0,002593
210,2017-11-27 10:55,4.45,4.45,4.46,4.45,33.0,002593
211,2017-11-27 11:00,4.45,4.45,4.46,4.45,131.0,002593
212,2017-11-27 11:05,4.45,4.46,4.46,4.45,117.0,002593
213,2017-11-27 11:10,4.46,4.45,4.47,4.45,267.0,002593
214,2017-11-27 11:15,4.45,4.44,4.46,4.44,578.0,002593
215,2017-11-27 11:20,4.44,4.44,4.45,4.44,151.0,002593
216,2017-11-27 11:25,4.44,4.44,4.44,4.44,21.0,002593
217,2017-11-27 11:30,4.44,4.45,4.45,4.44,168.0,002593
218,2017-11-27 13:05,4.45,4.45,4.45,4.45,49.0,002593
219,2017-11-27 13:10,4.45,4.45,4.46,4.45,125.0,002593
220,2017-11-27 13:15,4.45,4.45,4.45,4.45,60.0,002593
221,2017-11-27 13:20,4.45,4.45,4.46,4.45,267.0,002593
222,2017-11-27 13:25,4.45,4.45,4.45,4.44,107.0,002593
223,2017-11-27 13:30,4.45,4.45,4.46,4.45,62.0,002593
224,2017-11-27 13:35,4.45,4.45,4.46,4.45,250.0,002593
225,2017-11-27 13:40,4.45,4.46,4.46,4.45,214.0,002593
226,2017-11-27 13:45,4.46,4.46,4.46,4.46,228.0,002593
227,2017-11-27 13:50,4.46,4.45,4.46,4.45,152.0,002593
228,2017-11-27 13:55,4.45,4.45,4.45,4.44,625.0,002593
229,2017-11-27 14:00,4.45,4.45,4.45,4.44,292.0,002593
230,2017-11-27 14:05,4.45,4.44,4.46,4.44,174.0,002593
231,2017-11-27 14:10,4.44,4.44,4.45,4.44,62.0,002593
232,2017-11-27 14:15,4.44,4.44,4.45,4.44,298.0,002593
233,2017-11-27 14:20,4.44,4.45,4.46,4.44,153.0,002593
234,2017-11-27 14:25,4.45,4.45,4.45,4.45,133.0,002593
235,2017-11-27 14:30,4.45,4.45,4.45,4.45,91.0,002593
236,2017-11-27 14:35,4.45,4.43,4.46,4.43,338.0,002593
237,2017-11-27 14:40,4.43,4.44,4.45,4.43,114.0,002593
238,2017-11-27 14:45,4.44,4.43,4.44,4.43,187.0,002593
239,2017-11-27 14:50,4.43,4.42,4.44,4.42,1058.0,002593
240,2017-11-27 14:55,4.42,4.43,4.43,4.42,666.0,002593
241,2017-11-27 15:00,4.43,4.43,4.43,4.42,422.0,002593
242,2017-11-28 09:35,4.42,4.44,4.45,4.41,841.0,002593
243,2017-11-28 09:40,4.44,4.44,4.45,4.44,201.0,002593
244,2017-11-28 09:45,4.44,4.45,4.45,4.44,275.0,002593
245,2017-11-28 09:50,4.45,4.46,4.46,4.45,323.0,002593
246,2017-11-28 09:55,4.46,4.46,4.46,4.44,63.0,002593
247,2017-11-28 10:00,4.46,4.45,4.46,4.45,463.0,002593
248,2017-11-28 10:05,4.45,4.44,4.46,4.44,186.0,002593
249,2017-11-28 10:10,4.44,4.45,4.45,4.44,26.0,002593
250,2017-11-28 10:15,4.45,4.46,4.46,4.44,205.0,002593
251,2017-11-28 10:20,4.46,4.45,4.46,4.44,731.0,002593
252,2017-11-28 10:25,4.45,4.44,4.45,4.44,229.0,002593
253,2017-11-28 10:30,4.44,4.43,4.44,4.43,103.0,002593
254,2017-11-28 10:35,4.43,4.43,4.44,4.43,8.0,002593
255,2017-11-28 10:40,4.43,4.44,4.44,4.43,21.0,002593
256,2017-11-28 10:45,4.44,4.44,4.44,4.43,121.0,002593
257,2017-11-28 10:50,4.44,4.45,4.45,4.44,407.0,002593
258,2017-11-28 10:55,4.45,4.46,4.46,4.45,21.0,002593
259,2017-11-28 11:00,4.46,4.45,4.46,4.45,90.0,002593
260,2017-11-28 11:05,4.45,4.45,4.45,4.45,24.0,002593
261,2017-11-28 11:10,4.45,4.46,4.46,4.45,12.0,002593
262,2017-11-28 11:15,4.46,4.45,4.46,4.45,15.0,002593
263,2017-11-28 11:20,4.45,4.45,4.46,4.45,117.0,002593
264,2017-11-28 11:25,4.45,4.45,4.46,4.45,100.0,002593
265,2017-11-28 11:30,4.45,4.44,4.46,4.44,214.0,002593
266,2017-11-28 13:05,4.44,4.45,4.45,4.44,121.0,002593
267,2017-11-28 13:10,4.45,4.45,4.45,4.45,30.0,002593
268,2017-11-28 13:15,4.45,4.44,4.45,4.44,10.0,002593
269,2017-11-28 13:20,4.44,4.45,4.45,4.44,75.0,002593
270,2017-11-28 13:25,4.45,4.45,4.45,4.45,77.0,002593
271,2017-11-28 13:30,4.45,4.45,4.45,4.45,32.0,002593
272,2017-11-28 13:35,4.45,4.46,4.46,4.45,82.0,002593
273,2017-11-28 13:40,4.46,4.46,4.46,4.45,313.0,002593
274,2017-11-28 13:45,4.46,4.46,4.48,4.45,2615.0,002593
275,2017-11-28 13:50,4.46,4.49,4.49,4.46,491.0,002593
276,2017-11-28 13:55,4.49,4.48,4.49,4.48,46.0,002593
277,2017-11-28 14:00,4.48,4.49,4.49,4.48,713.0,002593
278,2017-11-28 14:05,4.49,4.49,4.5,4.48,131.0,002593
279,2017-11-28 14:10,4.49,4.49,4.49,4.48,379.0,002593
280,2017-11-28 14:15,4.49,4.49,4.49,4.49,184.0,002593
281,2017-11-28 14:20,4.49,4.48,4.49,4.48,151.0,002593
282,2017-11-28 14:25,4.48,4.48,4.48,4.47,67.0,002593
283,2017-11-28 14:30,4.48,4.47,4.48,4.47,176.0,002593
284,2017-11-28 14:35,4.47,4.48,4.49,4.47,625.0,002593
285,2017-11-28 14:40,4.48,4.49,4.49,4.48,120.0,002593
286,2017-11-28 14:45,4.49,4.49,4.49,4.48,174.0,002593
287,2017-11-28 14:50,4.49,4.49,4.49,4.48,90.0,002593
288,2017-11-28 14:55,4.49,4.49,4.49,4.48,642.0,002593
289,2017-11-28 15:00,4.49,4.49,4.49,4.48,331.0,002593
290,2017-11-29 09:35,4.47,4.49,4.49,4.46,379.0,002593
291,2017-11-29 09:40,4.49,4.51,4.51,4.49,551.0,002593
292,2017-11-29 09:45,4.51,4.5,4.51,4.5,1178.0,002593
293,2017-11-29 09:50,4.5,4.5,4.5,4.49,223.0,002593
294,2017-11-29 09:55,4.5,4.5,4.5,4.49,338.0,002593
295,2017-11-29 10:00,4.5,4.49,4.5,4.49,207.0,002593
296,2017-11-29 10:05,4.49,4.49,4.5,4.49,534.0,002593
297,2017-11-29 10:10,4.49,4.49,4.5,4.49,212.0,002593
298,2017-11-29 10:15,4.49,4.49,4.5,4.49,161.0,002593
299,2017-11-29 10:20,4.49,4.49,4.5,4.49,354.0,002593
300,2017-11-29 10:25,4.49,4.48,4.49,4.48,255.0,002593
301,2017-11-29 10:30,4.48,4.5,4.5,4.48,83.0,002593
302,2017-11-29 10:35,4.5,4.48,4.5,4.48,293.0,002593
303,2017-11-29 10:40,4.48,4.49,4.5,4.48,593.0,002593
304,2017-11-29 10:45,4.49,4.48,4.5,4.48,214.0,002593
305,2017-11-29 10:50,4.48,4.48,4.49,4.48,736.0,002593
306,2017-11-29 10:55,4.48,4.47,4.48,4.46,518.0,002593
307,2017-11-29 11:00,4.47,4.47,4.47,4.46,304.0,002593
308,2017-11-29 11:05,4.47,4.46,4.47,4.46,238.0,002593
309,2017-11-29 11:10,4.46,4.46,4.47,4.46,293.0,002593
310,2017-11-29 11:15,4.46,4.46,4.47,4.46,97.0,002593
311,2017-11-29 11:20,4.46,4.46,4.47,4.46,4.0,002593
312,2017-11-29 11:25,4.46,4.46,4.47,4.46,246.0,002593
313,2017-11-29 11:30,4.46,4.46,4.47,4.46,141.0,002593
314,2017-11-29 13:05,4.46,4.47,4.48,4.46,24.0,002593
315,2017-11-29 13:10,4.47,4.48,4.48,4.47,128.0,002593
316,2017-11-29 13:15,4.48,4.47,4.48,4.47,32.0,002593
317,2017-11-29 13:20,4.47,4.47,4.48,4.47,129.0,002593
318,2017-11-29 13:25,4.47,4.48,4.48,4.47,136.0,002593
319,2017-11-29 13:30,4.48,4.48,4.48,4.47,228.0,002593
320,2017-11-29 13:35,4.48,4.49,4.49,4.48,214.0,002593
321,2017-11-29 13:40,4.49,4.49,4.49,4.48,273.0,002593
322,2017-11-29 13:45,4.49,4.49,4.49,4.48,260.0,002593
323,2017-11-29 13:50,4.49,4.49,4.49,4.48,172.0,002593
324,2017-11-29 13:55,4.49,4.49,4.49,4.48,212.0,002593
325,2017-11-29 14:00,4.49,4.5,4.5,4.49,589.0,002593
326,2017-11-29 14:05,4.5,4.5,4.5,4.49,278.0,002593
327,2017-11-29 14:10,4.5,4.51,4.51,4.5,673.0,002593
328,2017-11-29 14:15,4.51,4.51,4.51,4.5,135.0,002593
329,2017-11-29 14:20,4.51,4.51,4.51,4.5,378.0,002593
330,2017-11-29 14:25,4.51,4.49,4.51,4.49,542.0,002593
331,2017-11-29 14:30,4.49,4.5,4.5,4.49,1018.0,002593
332,2017-11-29 14:35,4.5,4.5,4.5,4.49,266.0,002593
333,2017-11-29 14:40,4.5,4.51,4.51,4.5,568.0,002593
334,2017-11-29 14:45,4.51,4.51,4.51,4.5,304.0,002593
335,2017-11-29 14:50,4.51,4.51,4.51,4.5,503.0,002593
336,2017-11-29 14:55,4.51,4.51,4.51,4.51,382.0,002593
337,2017-11-29 15:00,4.51,4.52,4.52,4.51,330.0,002593
338,2017-11-30 09:35,4.51,4.49,4.51,4.47,79.0,002593
339,2017-11-30 09:40,4.49,4.49,4.5,4.49,207.0,002593
340,2017-11-30 09:45,4.49,4.49,4.49,4.49,166.0,002593
341,2017-11-30 09:50,4.49,4.49,4.5,4.49,231.0,002593
342,2017-11-30 09:55,4.49,4.5,4.5,4.49,303.0,002593
343,2017-11-30 10:00,4.5,4.51,4.51,4.49,390.0,002593
344,2017-11-30 10:05,4.51,4.51,4.51,4.5,228.0,002593
345,2017-11-30 10:10,4.51,4.51,4.51,4.5,33.0,002593
346,2017-11-30 10:15,4.51,4.51,4.51,4.5,150.0,002593
347,2017-11-30 10:20,4.51,4.51,4.51,4.5,17.0,002593
348,2017-11-30 10:25,4.51,4.51,4.51,4.5,121.0,002593
349,2017-11-30 10:30,4.51,4.51,4.51,4.49,502.0,002593
350,2017-11-30 10:35,4.51,4.5,4.51,4.49,69.0,002593
351,2017-11-30 10:40,4.5,4.5,4.5,4.49,129.0,002593
352,2017-11-30 10:45,4.5,4.53,4.53,4.5,894.0,002593
353,2017-11-30 10:50,4.53,4.53,4.53,4.52,242.0,002593
354,2017-11-30 10:55,4.53,4.53,4.53,4.52,147.0,002593
355,2017-11-30 11:00,4.53,4.53,4.53,4.53,233.0,002593
356,2017-11-30 11:05,4.53,4.52,4.53,4.52,508.0,002593
357,2017-11-30 11:10,4.52,4.52,4.52,4.52,229.0,002593
358,2017-11-30 11:15,4.52,4.52,4.52,4.51,120.0,002593
359,2017-11-30 11:20,4.52,4.52,4.52,4.52,72.0,002593
360,2017-11-30 11:25,4.52,4.51,4.52,4.51,141.0,002593
361,2017-11-30 11:30,4.51,4.52,4.52,4.51,80.0,002593
362,2017-11-30 13:05,4.52,4.51,4.52,4.51,331.0,002593
363,2017-11-30 13:10,4.51,4.5,4.51,4.5,141.0,002593
364,2017-11-30 13:15,4.5,4.51,4.51,4.5,55.0,002593
365,2017-11-30 13:20,4.51,4.51,4.51,4.5,8.0,002593
366,2017-11-30 13:25,4.51,4.5,4.51,4.5,85.0,002593
367,2017-11-30 13:30,4.5,4.5,4.51,4.5,692.0,002593
368,2017-11-30 13:35,4.5,4.5,4.51,4.5,57.0,002593
369,2017-11-30 13:40,4.5,4.5,4.5,4.49,36.0,002593
370,2017-11-30 13:45,4.5,4.49,4.5,4.49,402.0,002593
371,2017-11-30 13:50,4.49,4.5,4.5,4.48,1037.0,002593
372,2017-11-30 13:55,4.5,4.49,4.5,4.49,99.0,002593
373,2017-11-30 14:00,4.49,4.49,4.49,4.49,86.0,002593
374,2017-11-30 14:05,4.49,4.48,4.49,4.48,774.0,002593
375,2017-11-30 14:10,4.48,4.47,4.48,4.47,1021.0,002593
376,2017-11-30 14:15,4.47,4.46,4.47,4.45,1617.0,002593
377,2017-11-30 14:20,4.46,4.46,4.47,4.46,529.0,002593
378,2017-11-30 14:25,4.46,4.47,4.47,4.46,27.0,002593
379,2017-11-30 14:30,4.47,4.45,4.47,4.45,339.0,002593
380,2017-11-30 14:35,4.45,4.45,4.46,4.44,997.0,002593
381,2017-11-30 14:40,4.45,4.48,4.48,4.45,750.0,002593
382,2017-11-30 14:45,4.48,4.48,4.48,4.48,20.0,002593
383,2017-11-30 14:50,4.48,4.49,4.49,4.48,12.0,002593
384,2017-11-30 14:55,4.49,4.47,4.49,4.47,271.0,002593
385,2017-11-30 15:00,4.47,4.47,4.47,4.47,266.0,002593
386,2017-12-01 09:35,4.46,4.47,4.48,4.46,485.0,002593
387,2017-12-01 09:40,4.47,4.47,4.48,4.47,292.0,002593
388,2017-12-01 09:45,4.47,4.49,4.49,4.47,289.0,002593
389,2017-12-01 09:50,4.49,4.47,4.49,4.47,963.0,002593
390,2017-12-01 09:55,4.47,4.48,4.48,4.47,105.0,002593
391,2017-12-01 10:00,4.48,4.48,4.48,4.47,220.0,002593
392,2017-12-01 10:05,4.48,4.48,4.48,4.48,96.0,002593
393,2017-12-01 10:10,4.48,4.5,4.5,4.48,1455.0,002593
394,2017-12-01 10:15,4.5,4.5,4.5,4.49,158.0,002593
395,2017-12-01 10:20,4.5,4.5,4.5,4.49,148.0,002593
396,2017-12-01 10:25,4.5,4.51,4.51,4.5,483.0,002593
397,2017-12-01 10:30,4.51,4.52,4.52,4.5,121.0,002593
398,2017-12-01 10:35,4.52,4.5,4.52,4.5,98.0,002593
399,2017-12-01 10:40,4.5,4.51,4.51,4.5,80.0,002593
400,2017-12-01 10:45,4.51,4.51,4.51,4.51,35.0,002593
401,2017-12-01 10:50,4.51,4.5,4.51,4.5,666.0,002593
402,2017-12-01 10:55,4.5,4.5,4.51,4.5,67.0,002593
403,2017-12-01 11:00,4.5,4.51,4.51,4.5,129.0,002593
404,2017-12-01 11:05,4.51,4.5,4.51,4.5,35.0,002593
405,2017-12-01 11:10,4.5,4.51,4.51,4.49,463.0,002593
406,2017-12-01 11:15,4.51,4.51,4.51,4.51,41.0,002593
407,2017-12-01 11:20,4.51,4.51,4.51,4.51,29.0,002593
408,2017-12-01 11:25,4.51,4.5,4.51,4.49,26.0,002593
409,2017-12-01 11:30,4.5,4.5,4.5,4.5,70.0,002593
410,2017-12-01 13:05,4.5,4.5,4.5,4.5,177.0,002593
411,2017-12-01 13:10,4.5,4.5,4.5,4.5,75.0,002593
412,2017-12-01 13:15,4.5,4.5,4.5,4.5,298.0,002593
413,2017-12-01 13:20,4.5,4.5,4.51,4.5,264.0,002593
414,2017-12-01 13:25,4.5,4.5,4.5,4.49,137.0,002593
415,2017-12-01 13:30,4.5,4.51,4.51,4.5,9.0,002593
416,2017-12-01 13:35,4.51,4.51,4.51,4.5,43.0,002593
417,2017-12-01 13:40,4.51,4.51,4.51,4.51,100.0,002593
418,2017-12-01 13:45,4.51,4.5,4.51,4.5,58.0,002593
419,2017-12-01 13:50,4.5,4.5,4.5,4.5,10.0,002593
420,2017-12-01 13:55,4.5,4.5,4.5,4.5,234.0,002593
421,2017-12-01 14:00,4.5,4.51,4.51,4.5,86.0,002593
422,2017-12-01 14:05,4.51,4.51,4.51,4.5,46.0,002593
423,2017-12-01 14:10,4.51,4.51,4.51,4.5,113.0,002593
424,2017-12-01 14:15,4.51,4.51,4.51,4.51,6.0,002593
425,2017-12-01 14:20,4.51,4.51,4.51,4.5,427.0,002593
426,2017-12-01 14:25,4.5,4.52,4.53,4.5,1522.0,002593
427,2017-12-01 14:30,4.52,4.53,4.53,4.52,539.0,002593
428,2017-12-01 14:35,4.53,4.53,4.53,4.52,158.0,002593
429,2017-12-01 14:40,4.53,4.51,4.53,4.51,455.0,002593
430,2017-12-01 14:45,4.51,4.52,4.52,4.51,345.0,002593
431,2017-12-01 14:50,4.52,4.5,4.52,4.5,1410.0,002593
432,2017-12-01 14:55,4.5,4.51,4.51,4.5,1268.0,002593
433,2017-12-01 15:00,4.51,4.5,4.51,4.5,245.0,002593
434,2017-12-04 09:35,4.48,4.51,4.52,4.48,703.0,002593
435,2017-12-04 09:40,4.51,4.52,4.53,4.51,824.0,002593
436,2017-12-04 09:45,4.52,4.51,4.52,4.51,886.0,002593
437,2017-12-04 09:50,4.51,4.48,4.51,4.48,879.0,002593
438,2017-12-04 09:55,4.48,4.48,4.49,4.48,380.0,002593
439,2017-12-04 10:00,4.48,4.5,4.5,4.48,178.0,002593
440,2017-12-04 10:05,4.5,4.51,4.51,4.5,49.0,002593
441,2017-12-04 10:10,4.51,4.51,4.51,4.5,37.0,002593
442,2017-12-04 10:15,4.51,4.5,4.51,4.5,127.0,002593
443,2017-12-04 10:20,4.5,4.52,4.52,4.5,315.0,002593
444,2017-12-04 10:25,4.52,4.52,4.52,4.51,1320.0,002593
445,2017-12-04 10:30,4.52,4.52,4.52,4.52,262.0,002593
446,2017-12-04 10:35,4.52,4.51,4.52,4.51,212.0,002593
447,2017-12-04 10:40,4.51,4.5,4.51,4.5,15.0,002593
448,2017-12-04 10:45,4.5,4.5,4.51,4.5,11.0,002593
449,2017-12-04 10:50,4.5,4.5,4.5,4.5,468.0,002593
450,2017-12-04 10:55,4.5,4.49,4.5,4.49,246.0,002593
451,2017-12-04 11:00,4.49,4.49,4.51,4.49,277.0,002593
452,2017-12-04 11:05,4.49,4.5,4.5,4.49,14.0,002593
453,2017-12-04 11:10,4.5,4.5,4.51,4.5,224.0,002593
454,2017-12-04 11:15,4.5,4.5,4.5,4.5,39.0,002593
455,2017-12-04 11:20,4.5,4.51,4.51,4.5,107.0,002593
456,2017-12-04 11:25,4.5,4.5,4.5,4.5,32.0,002593
457,2017-12-04 11:30,4.5,4.5,4.5,4.5,0.0,002593
458,2017-12-04 13:05,4.5,4.62,4.72,4.5,13014.0,002593
459,2017-12-04 13:10,4.63,4.64,4.65,4.62,5567.0,002593
460,2017-12-04 13:15,4.64,4.62,4.64,4.62,2369.0,002593
461,2017-12-04 13:20,4.62,4.63,4.63,4.61,1948.0,002593
462,2017-12-04 13:25,4.63,4.63,4.63,4.62,774.0,002593
463,2017-12-04 13:30,4.63,4.63,4.63,4.62,1054.0,002593
464,2017-12-04 13:35,4.63,4.62,4.63,4.62,1070.0,002593
465,2017-12-04 13:40,4.62,4.61,4.63,4.6,1767.0,002593
466,2017-12-04 13:45,4.61,4.6,4.61,4.6,804.0,002593
467,2017-12-04 13:50,4.6,4.6,4.61,4.6,858.0,002593
468,2017-12-04 13:55,4.6,4.6,4.61,4.59,1481.0,002593
469,2017-12-04 14:00,4.6,4.63,4.64,4.6,4111.0,002593
470,2017-12-04 14:05,4.63,4.62,4.64,4.62,1761.0,002593
471,2017-12-04 14:10,4.62,4.61,4.63,4.6,1943.0,002593
472,2017-12-04 14:15,4.61,4.61,4.62,4.6,424.0,002593
473,2017-12-04 14:20,4.61,4.61,4.61,4.6,1021.0,002593
474,2017-12-04 14:25,4.61,4.61,4.61,4.59,638.0,002593
475,2017-12-04 14:30,4.61,4.6,4.61,4.59,1000.0,002593
476,2017-12-04 14:35,4.6,4.58,4.6,4.58,1724.0,002593
477,2017-12-04 14:40,4.58,4.57,4.59,4.57,1291.0,002593
478,2017-12-04 14:45,4.57,4.59,4.59,4.57,397.0,002593
479,2017-12-04 14:50,4.59,4.58,4.59,4.58,794.0,002593
480,2017-12-04 14:55,4.58,4.59,4.6,4.58,2736.0,002593
481,2017-12-04 15:00,4.59,4.58,4.59,4.58,789.0,002593
