name,index
3D打印,0
4G概念,1
IPV6概念,2
O2O模式,3
QFII重仓,4
ST板块,5
三沙概念,6
三网融合,7
上海本地,8
上海自贸,9
东亚自贸,10
云计算,11
互联金融,12
京津冀,13
低碳经济,14
保障房,15
信托重仓,16
充电桩,17
养老概念,18
内贸规划,19
军工航天,20
准ST股,21
出口退税,22
分拆上市,23
券商重仓,24
前海概念,25
卫星导航,26
参股金融,27
含B股,28
含H股,29
固废处理,30
地热能,31
基因概念,32
基因测序,33
基金重仓,34
外资背景,35
多晶硅,36
天津自贸,37
太阳能,38
央企50,39
安防服务,40
宽带提速,41
广东自贸,42
建筑节能,43
成渝特区,44
抗流感,45
抗癌,46
整体上市,47
文化振兴,48
新三板,49
新零售,50
日韩贸易,51
智能电网,52
未股改,53
本月解禁,54
机器人概念,55
核电核能,56
次新股,57
氢燃料,58
水域改革,59
油气改革,60
沿海发展,61
海上丝路,62
燃料电池,63
特斯拉,64
生态农业,65
生物疫苗,66
生物育种,67
生物质能,68
电子支付,69
皖江区域,70
碳纤维,71
社保重仓,72
稀土永磁,73
稀缺资源,74
空气治理,75
粤港澳,76
绿色照明,77
网络游戏,78
聚氨酯,79
自贸区,80
节能环保,81
草甘膦,82
融资融券,83
装饰园林,84
资产注入,85
超大盘,86
迪士尼,87
重组概念,88
金融改革,89
铁路基建,90
锂电池,91
阿里概念,92
陕甘宁,93
雄安新区,94
页岩气,95
风能,96
食品安全,97
黄金概念,98
